#    JSTK              JSTK/03
#  X       Y        X          Y
1100000 150000 1099999.185 149998.544
1100000 160000 1099999.185 159998.602
1100000 170000 1099999.185 169998.661
1100000 180000 1099999.185 179998.719
1100000 190000 1099999.185 189998.778
1100000 200000 1099999.185 199998.836
1100000 210000 1099999.185 209998.895
1100000 220000 1099999.185 219998.953
1100000 230000 1099999.185 229999.012
1100000 240000 1099999.184 239999.070
1100000 250000 1099999.184 249999.129
1100000 260000 1099999.184 259999.187
1100000 270000 1099999.184 269999.246
1100000 280000 1099999.184 279999.304
1100000 290000 1099999.184 289999.363
1100000 300000 1099999.184 299999.421
1100000 310000 1099999.184 309999.480
1100000 320000 1099999.184 319999.538
1100000 330000 1099999.184 329999.597
1100000 340000 1099999.184 339999.655
1100000 350000 1099999.184 349999.714
1100000 360000 1099999.184 359999.772
1100000 370000 1099999.184 369999.831
1100000 380000 1099999.184 379999.889
1100000 390000 1099999.184 389999.948
1100000 400000 1099999.184 400000.006
1100000 410000 1099999.184 410000.065
1100000 420000 1099999.184 420000.123
1100000 430000 1099999.184 430000.182
1100000 440000 1099999.184 440000.240
1100000 450000 1099999.184 450000.298
1100000 460000 1099999.184 460000.357
1100000 470000 1099999.184 470000.415
1100000 480000 1099999.184 480000.474
1100000 490000 1099999.184 490000.532
1100000 500000 1099999.184 500000.591
1100000 510000 1099999.184 510000.649
1100000 520000 1099999.184 520000.708
1100000 530000 1099999.184 530000.766
1100000 540000 1099999.185 540000.825
1100000 550000 1099999.185 550000.883
1100000 560000 1099999.185 560000.942
1100000 570000 1099999.185 570001.000
1100000 580000 1099999.185 580001.058
1100000 590000 1099999.185 590001.117
1110000 150000 1109999.243 149998.544
1110000 160000 1109999.243 159998.603
1110000 170000 1109999.243 169998.661
1110000 180000 1109999.243 179998.719
1110000 190000 1109999.243 189998.778
1110000 200000 1109999.243 199998.836
1110000 210000 1109999.243 209998.895
1110000 220000 1109999.243 219998.953
1110000 230000 1109999.243 229999.012
1110000 240000 1109999.243 239999.070
1110000 250000 1109999.243 249999.129
1110000 260000 1109999.243 259999.187
1110000 270000 1109999.243 269999.246
1110000 280000 1109999.243 279999.304
1110000 290000 1109999.243 289999.363
1110000 300000 1109999.243 299999.421
1110000 310000 1109999.243 309999.480
1110000 320000 1109999.243 319999.538
1110000 330000 1109999.243 329999.597
1110000 340000 1109999.243 339999.655
1110000 350000 1109999.243 349999.714
1110000 360000 1109999.243 359999.772
1110000 370000 1109999.243 369999.831
1110000 380000 1109999.243 379999.889
1110000 390000 1109999.243 389999.948
1110000 400000 1109999.243 400000.006
1110000 410000 1109999.243 410000.065
1110000 420000 1109999.243 420000.123
1110000 430000 1109999.243 430000.181
1110000 440000 1109999.243 440000.240
1110000 450000 1109999.243 450000.298
1110000 460000 1109999.243 460000.357
1110000 470000 1109999.243 470000.415
1110000 480000 1109999.243 480000.474
1110000 490000 1109999.243 490000.532
1110000 500000 1109999.243 500000.591
1110000 510000 1109999.243 510000.649
1110000 520000 1109999.243 520000.708
1110000 530000 1109999.243 530000.766
1110000 540000 1109999.243 540000.825
1110000 550000 1109999.061 550000.532
1110000 560000 1109998.880 560000.495
1110000 570000 1109998.799 570000.571
1110000 580000 1109998.776 580000.638
1110000 590000 1109998.750 590000.686
1120000 150000 1119999.302 149998.544
1120000 160000 1119999.302 159998.603
1120000 170000 1119999.302 169998.661
1120000 180000 1119999.302 179998.719
1120000 190000 1119999.302 189998.778
1120000 200000 1119999.302 199998.836
1120000 210000 1119999.302 209998.895
1120000 220000 1119999.301 219998.953
1120000 230000 1119999.301 229999.012
1120000 240000 1119999.301 239999.070
1120000 250000 1119999.301 249999.129
1120000 260000 1119999.301 259999.187
1120000 270000 1119999.301 269999.246
1120000 280000 1119999.301 279999.304
1120000 290000 1119999.301 289999.363
1120000 300000 1119999.301 299999.421
1120000 310000 1119999.301 309999.480
1120000 320000 1119999.301 319999.538
1120000 330000 1119999.301 329999.597
1120000 340000 1119999.301 339999.655
1120000 350000 1119999.301 349999.714
1120000 360000 1119999.301 359999.772
1120000 370000 1119999.301 369999.831
1120000 380000 1119999.301 379999.889
1120000 390000 1119999.301 389999.948
1120000 400000 1119999.301 400000.006
1120000 410000 1119999.301 410000.065
1120000 420000 1119999.301 420000.123
1120000 430000 1119999.301 430000.181
1120000 440000 1119999.867 440000.158
1120000 450000 1119999.901 450000.158
1120000 460000 1119999.917 460000.186
1120000 470000 1119999.914 470000.199
1120000 480000 1119999.861 480000.205
1120000 490000 1119999.824 490000.236
1120000 500000 1119999.738 500000.298
1120000 510000 1119999.591 510000.281
1120000 520000 1119999.519 520000.336
1120000 530000 1119999.442 530000.380
1120000 540000 1119999.309 540000.413
1120000 550000 1119999.065 550000.505
1120000 560000 1119998.871 560000.495
1120000 570000 1119998.854 570000.544
1120000 580000 1119998.829 580000.635
1120000 590000 1119998.801 590000.683
1130000 150000 1129999.360 149998.544
1130000 160000 1129999.360 159998.603
1130000 170000 1129999.360 169998.661
1130000 180000 1129999.360 179998.720
1130000 190000 1129999.360 189998.778
1130000 200000 1129999.360 199998.836
1130000 210000 1129999.360 209998.895
1130000 220000 1129999.360 219998.953
1130000 230000 1129999.360 229999.012
1130000 240000 1129999.360 239999.070
1130000 250000 1129999.360 249999.129
1130000 260000 1129999.360 259999.187
1130000 270000 1129999.360 269999.246
1130000 280000 1129999.340 279999.403
1130000 290000 1129999.356 289999.462
1130000 300000 1129999.384 299999.508
1130000 310000 1129999.475 309999.627
1130000 320000 1129999.523 319999.692
1130000 330000 1129999.614 329999.752
1130000 340000 1129999.697 339999.818
1130000 350000 1129999.753 349999.901
1130000 360000 1129999.804 359999.982
1130000 370000 1129999.834 370000.045
1130000 380000 1129999.825 380000.114
1130000 390000 1129999.838 390000.151
1130000 400000 1129999.840 400000.150
1130000 410000 1129999.886 410000.145
1130000 420000 1129999.914 420000.121
1130000 430000 1129999.912 430000.125
1130000 440000 1129999.900 440000.163
1130000 450000 1129999.956 450000.181
1130000 460000 1129999.992 460000.191
1130000 470000 1129999.981 470000.193
1130000 480000 1129999.944 480000.198
1130000 490000 1129999.894 490000.225
1130000 500000 1129999.795 500000.276
1130000 510000 1129999.657 510000.303
1130000 520000 1129999.575 520000.342
1130000 530000 1129999.465 530000.386
1130000 540000 1129999.280 540000.458
1130000 550000 1129999.113 550000.513
1130000 560000 1129998.989 560000.497
1130000 570000 1129999.032 570000.546
1130000 580000 1129999.002 580000.636
1130000 590000 1129998.948 590000.680
1140000 150000 1139999.299 149999.135
1140000 160000 1139999.307 159999.172
1140000 170000 1139999.306 169999.230
1140000 180000 1139999.299 179999.254
1140000 190000 1139999.334 189999.276
1140000 200000 1139999.355 199999.295
1140000 210000 1139999.359 209999.308
1140000 220000 1139999.355 219999.298
1140000 230000 1139999.381 229999.287
1140000 240000 1139999.404 239999.281
1140000 250000 1139999.400 249999.291
1140000 260000 1139999.393 259999.303
1140000 270000 1139999.395 269999.343
1140000 280000 1139999.395 279999.390
1140000 290000 1139999.411 289999.449
1140000 300000 1139999.414 299999.511
1140000 310000 1139999.487 309999.576
1140000 320000 1139999.570 319999.639
1140000 330000 1139999.648 329999.719
1140000 340000 1139999.743 339999.779
1140000 350000 1139999.816 349999.869
1140000 360000 1139999.880 359999.958
1140000 370000 1139999.897 370000.012
1140000 380000 1139999.845 380000.091
1140000 390000 1139999.874 390000.155
1140000 400000 1139999.872 400000.160
1140000 410000 1139999.947 410000.149
1140000 420000 1139999.976 420000.100
1140000 430000 1139999.984 430000.097
1140000 440000 1139999.931 440000.172
1140000 450000 1140000.026 450000.206
1140000 460000 1140000.061 460000.211
1140000 470000 1140000.053 470000.192
1140000 480000 1140000.029 480000.181
1140000 490000 1139999.945 490000.213
1140000 500000 1139999.842 500000.289
1140000 510000 1139999.707 510000.344
1140000 520000 1139999.617 520000.384
1140000 530000 1139999.495 530000.428
1140000 540000 1139999.324 540000.510
1140000 550000 1139999.241 550000.518
1140000 560000 1139999.138 560000.512
1140000 570000 1139999.104 570000.564
1140000 580000 1139999.050 580000.652
1140000 590000 1139999.000 590000.688
1150000 150000 1149999.344 149999.157
1150000 160000 1149999.361 159999.183
1150000 170000 1149999.358 169999.231
1150000 180000 1149999.353 179999.261
1150000 190000 1149999.381 189999.294
1150000 200000 1149999.393 199999.299
1150000 210000 1149999.398 209999.310
1150000 220000 1149999.397 219999.308
1150000 230000 1149999.434 229999.287
1150000 240000 1149999.477 239999.263
1150000 250000 1149999.466 249999.255
1150000 260000 1149999.437 259999.284
1150000 270000 1149999.435 269999.329
1150000 280000 1149999.451 279999.371
1150000 290000 1149999.463 289999.426
1150000 300000 1149999.476 299999.502
1150000 310000 1149999.512 309999.562
1150000 320000 1149999.594 319999.629
1150000 330000 1149999.691 329999.673
1150000 340000 1149999.778 339999.725
1150000 350000 1149999.867 349999.809
1150000 360000 1149999.957 359999.927
1150000 370000 1149999.971 369999.963
1150000 380000 1149999.862 380000.008
1150000 390000 1149999.871 390000.144
1150000 400000 1149999.911 400000.163
1150000 410000 1150000.007 410000.150
1150000 420000 1150000.029 420000.069
1150000 430000 1150000.041 430000.090
1150000 440000 1150000.033 440000.179
1150000 450000 1150000.124 450000.231
1150000 460000 1150000.127 460000.231
1150000 470000 1150000.111 470000.189
1150000 480000 1150000.099 480000.160
1150000 490000 1150000.018 490000.212
1150000 500000 1149999.896 500000.292
1150000 510000 1149999.762 510000.375
1150000 520000 1149999.638 520000.410
1150000 530000 1149999.517 530000.450
1150000 540000 1149999.383 540000.512
1150000 550000 1149999.301 550000.518
1150000 560000 1149999.186 560000.520
1150000 570000 1149999.129 570000.548
1150000 580000 1149999.082 580000.621
1150000 590000 1149999.049 590000.661
1160000 150000 1159999.378 149999.172
1160000 160000 1159999.405 159999.203
1160000 170000 1159999.422 169999.218
1160000 180000 1159999.419 179999.262
1160000 190000 1159999.436 189999.293
1160000 200000 1159999.433 199999.304
1160000 210000 1159999.440 209999.311
1160000 220000 1159999.440 219999.332
1160000 230000 1159999.474 229999.282
1160000 240000 1159999.569 239999.245
1160000 250000 1159999.529 249999.236
1160000 260000 1159999.478 259999.276
1160000 270000 1159999.475 269999.316
1160000 280000 1159999.509 279999.340
1160000 290000 1159999.517 289999.394
1160000 300000 1159999.539 299999.482
1160000 310000 1159999.525 309999.556
1160000 320000 1159999.617 319999.602
1160000 330000 1159999.713 329999.625
1160000 340000 1159999.809 339999.660
1160000 350000 1159999.895 349999.731
1160000 360000 1159999.990 359999.861
1160000 370000 1160000.021 369999.903
1160000 380000 1159999.925 379999.862
1160000 390000 1159999.918 390000.075
1160000 400000 1159999.954 400000.116
1160000 410000 1160000.022 410000.120
1160000 420000 1160000.045 420000.052
1160000 430000 1160000.079 430000.083
1160000 440000 1160000.105 440000.143
1160000 450000 1160000.165 450000.216
1160000 460000 1160000.179 460000.238
1160000 470000 1160000.159 470000.201
1160000 480000 1160000.157 480000.142
1160000 490000 1160000.074 490000.210
1160000 500000 1159999.953 500000.318
1160000 510000 1159999.825 510000.405
1160000 520000 1159999.676 520000.453
1160000 530000 1159999.563 530000.483
1160000 540000 1159999.438 540000.519
1160000 550000 1159999.337 550000.513
1160000 560000 1159999.240 560000.505
1160000 570000 1159999.171 570000.520
1160000 580000 1159999.125 580000.598
1160000 590000 1159999.070 590000.652
1170000 150000 1169999.430 149999.165
1170000 160000 1169999.452 159999.206
1170000 170000 1169999.464 169999.235
1170000 180000 1169999.475 179999.251
1170000 190000 1169999.481 189999.285
1170000 200000 1169999.473 199999.304
1170000 210000 1169999.459 209999.307
1170000 220000 1169999.452 219999.391
1170000 230000 1169999.508 229999.263
1170000 240000 1169999.614 239999.216
1170000 250000 1169999.572 249999.210
1170000 260000 1169999.531 259999.243
1170000 270000 1169999.529 269999.271
1170000 280000 1169999.553 279999.299
1170000 290000 1169999.556 289999.327
1170000 300000 1169999.578 299999.429
1170000 310000 1169999.557 309999.519
1170000 320000 1169999.659 319999.564
1170000 330000 1169999.739 329999.573
1170000 340000 1169999.844 339999.579
1170000 350000 1169999.910 349999.627
1170000 360000 1169999.947 359999.721
1170000 370000 1169999.963 369999.784
1170000 380000 1169999.965 379999.853
1170000 390000 1169999.935 390000.023
1170000 400000 1169999.955 400000.085
1170000 410000 1170000.026 410000.086
1170000 420000 1170000.063 420000.055
1170000 430000 1170000.104 430000.082
1170000 440000 1170000.112 440000.143
1170000 450000 1170000.177 450000.223
1170000 460000 1170000.195 460000.263
1170000 470000 1170000.141 470000.299
1170000 480000 1170000.169 480000.190
1170000 490000 1170000.119 490000.235
1170000 500000 1169999.974 500000.359
1170000 510000 1169999.846 510000.445
1170000 520000 1169999.712 520000.488
1170000 530000 1169999.590 530000.504
1170000 540000 1169999.480 540000.513
1170000 550000 1169999.388 550000.503
1170000 560000 1169999.287 560000.495
1170000 570000 1169999.205 570000.500
1170000 580000 1169999.158 580000.566
1170000 590000 1169999.092 590000.656
1180000 150000 1179999.476 149999.178
1180000 160000 1179999.496 159999.215
1180000 170000 1179999.508 169999.247
1180000 180000 1179999.515 179999.267
1180000 190000 1179999.527 189999.286
1180000 200000 1179999.521 199999.297
1180000 210000 1179999.456 209999.321
1180000 220000 1179999.520 219999.262
1180000 230000 1179999.551 229999.223
1180000 240000 1179999.594 239999.160
1180000 250000 1179999.585 249999.190
1180000 260000 1179999.583 259999.222
1180000 270000 1179999.592 269999.228
1180000 280000 1179999.554 279999.282
1180000 290000 1179999.578 289999.320
1180000 300000 1179999.583 299999.365
1180000 310000 1179999.634 309999.450
1180000 320000 1179999.717 319999.521
1180000 330000 1179999.759 329999.516
1180000 340000 1179999.861 339999.499
1180000 350000 1179999.905 349999.517
1180000 360000 1179999.907 359999.583
1180000 370000 1179999.894 369999.679
1180000 380000 1179999.922 379999.795
1180000 390000 1179999.939 389999.985
1180000 400000 1180000.001 400000.056
1180000 410000 1180000.054 410000.052
1180000 420000 1180000.109 420000.073
1180000 430000 1180000.149 430000.093
1180000 440000 1180000.140 440000.171
1180000 450000 1180000.200 450000.243
1180000 460000 1180000.161 460000.302
1180000 470000 1180000.107 470000.392
1180000 480000 1180000.132 480000.307
1180000 490000 1180000.085 490000.306
1180000 500000 1179999.972 500000.426
1180000 510000 1179999.868 510000.494
1180000 520000 1179999.743 520000.519
1180000 530000 1179999.631 530000.534
1180000 540000 1179999.516 540000.545
1180000 550000 1179999.411 550000.538
1180000 560000 1179999.311 560000.516
1180000 570000 1179999.227 570000.506
1180000 580000 1179999.164 580000.572
1180000 590000 1179999.117 590000.664
1190000 150000 1189999.505 149999.201
1190000 160000 1189999.528 159999.241
1190000 170000 1189999.541 169999.266
1190000 180000 1189999.543 179999.280
1190000 190000 1189999.569 189999.279
1190000 200000 1189999.587 199999.272
1190000 210000 1189999.512 209999.250
1190000 220000 1189999.581 219999.169
1190000 230000 1189999.573 229999.171
1190000 240000 1189999.600 239999.192
1190000 250000 1189999.589 249999.223
1190000 260000 1189999.672 259999.231
1190000 270000 1189999.665 269999.217
1190000 280000 1189999.600 279999.241
1190000 290000 1189999.631 289999.320
1190000 300000 1189999.663 299999.346
1190000 310000 1189999.707 309999.370
1190000 320000 1189999.742 319999.438
1190000 330000 1189999.784 329999.453
1190000 340000 1189999.858 339999.439
1190000 350000 1189999.884 349999.433
1190000 360000 1189999.892 359999.467
1190000 370000 1189999.861 369999.585
1190000 380000 1189999.891 379999.711
1190000 390000 1189999.941 389999.810
1190000 400000 1190000.035 399999.865
1190000 410000 1190000.099 409999.989
1190000 420000 1190000.173 420000.062
1190000 430000 1190000.208 430000.103
1190000 440000 1190000.179 440000.195
1190000 450000 1190000.201 450000.252
1190000 460000 1190000.130 460000.288
1190000 470000 1190000.073 470000.345
1190000 480000 1190000.070 480000.358
1190000 490000 1190000.025 490000.382
1190000 500000 1189999.949 500000.516
1190000 510000 1189999.866 510000.537
1190000 520000 1189999.783 520000.558
1190000 530000 1189999.650 530000.574
1190000 540000 1189999.538 540000.594
1190000 550000 1189999.420 550000.583
1190000 560000 1189999.330 560000.545
1190000 570000 1189999.241 570000.509
1190000 580000 1189999.173 580000.580
1190000 590000 1189999.126 590000.670
1200000 150000 1199999.527 149999.211
1200000 160000 1199999.551 159999.264
1200000 170000 1199999.564 169999.288
1200000 180000 1199999.544 179999.292
1200000 190000 1199999.589 189999.269
1200000 200000 1199999.616 199999.241
1200000 210000 1199999.612 209999.223
1200000 220000 1199999.635 219999.169
1200000 230000 1199999.680 229999.132
1200000 240000 1199999.626 239999.215
1200000 250000 1199999.673 249999.243
1200000 260000 1199999.685 259999.230
1200000 270000 1199999.628 269999.247
1200000 280000 1199999.668 279999.261
1200000 290000 1199999.682 289999.310
1200000 300000 1199999.703 299999.360
1200000 310000 1199999.780 309999.317
1200000 320000 1199999.795 319999.339
1200000 330000 1199999.818 329999.364
1200000 340000 1199999.876 339999.399
1200000 350000 1199999.913 349999.419
1200000 360000 1199999.935 359999.435
1200000 370000 1199999.936 369999.540
1200000 380000 1199999.959 379999.666
1200000 390000 1199999.983 389999.760
1200000 400000 1200000.056 399999.780
1200000 410000 1200000.147 409999.904
1200000 420000 1200000.236 420000.039
1200000 430000 1200000.254 430000.142
1200000 440000 1200000.263 440000.214
1200000 450000 1200000.222 450000.248
1200000 460000 1200000.131 460000.286
1200000 470000 1200000.028 470000.328
1200000 480000 1200000.022 480000.372
1200000 490000 1200000.005 490000.437
1200000 500000 1199999.929 500000.549
1200000 510000 1199999.837 510000.552
1200000 520000 1199999.806 520000.604
1200000 530000 1199999.666 530000.624
1200000 540000 1199999.552 540000.649
1200000 550000 1199999.461 550000.634
1200000 560000 1199999.345 560000.581
1200000 570000 1199999.249 570000.507
1200000 580000 1199999.179 580000.586
1200000 590000 1199999.128 590000.659
1210000 150000 1209999.535 149999.204
1210000 160000 1209999.554 159999.284
1210000 170000 1209999.543 169999.374
1210000 180000 1209999.512 179999.293
1210000 190000 1209999.566 189999.246
1210000 200000 1209999.603 199999.230
1210000 210000 1209999.603 209999.207
1210000 220000 1209999.669 219999.165
1210000 230000 1209999.631 229999.173
1210000 240000 1209999.633 239999.224
1210000 250000 1209999.664 249999.206
1210000 260000 1209999.653 259999.236
1210000 270000 1209999.687 269999.245
1210000 280000 1209999.747 279999.238
1210000 290000 1209999.753 289999.284
1210000 300000 1209999.768 299999.321
1210000 310000 1209999.863 309999.306
1210000 320000 1209999.902 319999.281
1210000 330000 1209999.886 329999.339
1210000 340000 1209999.921 339999.392
1210000 350000 1209999.981 349999.458
1210000 360000 1210000.026 359999.501
1210000 370000 1210000.034 369999.549
1210000 380000 1210000.045 379999.638
1210000 390000 1210000.036 389999.740
1210000 400000 1210000.079 399999.802
1210000 410000 1210000.204 409999.903
1210000 420000 1210000.223 420000.038
1210000 430000 1210000.309 430000.149
1210000 440000 1210000.323 440000.177
1210000 450000 1210000.257 450000.235
1210000 460000 1210000.157 460000.281
1210000 470000 1210000.070 470000.330
1210000 480000 1210000.023 480000.372
1210000 490000 1210000.012 490000.458
1210000 500000 1209999.970 500000.566
1210000 510000 1209999.847 510000.619
1210000 520000 1209999.775 520000.645
1210000 530000 1209999.701 530000.672
1210000 540000 1209999.579 540000.696
1210000 550000 1209999.506 550000.688
1210000 560000 1209999.369 560000.641
1210000 570000 1209999.249 570000.541
1210000 580000 1209999.167 580000.608
1210000 590000 1209999.116 590000.702
1220000 150000 1219999.534 149999.184
1220000 160000 1219999.530 159999.257
1220000 170000 1219999.496 169999.303
1220000 180000 1219999.453 179999.266
1220000 190000 1219999.534 189999.232
1220000 200000 1219999.575 199999.215
1220000 210000 1219999.615 209999.216
1220000 220000 1219999.643 219999.115
1220000 230000 1219999.640 229999.128
1220000 240000 1219999.645 239999.186
1220000 250000 1219999.619 249999.181
1220000 260000 1219999.648 259999.210
1220000 270000 1219999.719 269999.228
1220000 280000 1219999.746 279999.187
1220000 290000 1219999.805 289999.210
1220000 300000 1219999.820 299999.243
1220000 310000 1219999.885 309999.237
1220000 320000 1219999.938 319999.265
1220000 330000 1219999.938 329999.328
1220000 340000 1219999.978 339999.405
1220000 350000 1220000.045 349999.481
1220000 360000 1220000.107 359999.534
1220000 370000 1220000.084 369999.548
1220000 380000 1220000.103 379999.630
1220000 390000 1220000.082 389999.748
1220000 400000 1220000.088 399999.854
1220000 410000 1220000.165 409999.900
1220000 420000 1220000.128 420000.041
1220000 430000 1220000.250 430000.184
1220000 440000 1220000.282 440000.201
1220000 450000 1220000.276 450000.243
1220000 460000 1220000.196 460000.272
1220000 470000 1220000.105 470000.331
1220000 480000 1220000.034 480000.371
1220000 490000 1220000.061 490000.468
1220000 500000 1220000.039 500000.627
1220000 510000 1219999.952 510000.693
1220000 520000 1219999.893 520000.742
1220000 530000 1219999.814 530000.772
1220000 540000 1219999.683 540000.750
1220000 550000 1219999.564 550000.775
1220000 560000 1219999.347 560000.725
1220000 570000 1219999.229 570000.651
1220000 580000 1219999.166 580000.673
1220000 590000 1219999.126 590000.764
1230000 150000 1229999.536 149999.143
1230000 160000 1229999.516 159999.203
1230000 170000 1229999.471 169999.233
1230000 180000 1229999.409 179999.215
1230000 190000 1229999.464 189999.194
1230000 200000 1229999.515 199999.169
1230000 210000 1229999.591 209999.173
1230000 220000 1229999.613 219999.111
1230000 230000 1229999.636 229999.100
1230000 240000 1229999.638 239999.195
1230000 250000 1229999.598 249999.184
1230000 260000 1229999.645 259999.216
1230000 270000 1229999.682 269999.194
1230000 280000 1229999.718 279999.148
1230000 290000 1229999.799 289999.143
1230000 300000 1229999.868 299999.188
1230000 310000 1229999.933 309999.214
1230000 320000 1229999.955 319999.261
1230000 330000 1229999.970 329999.321
1230000 340000 1230000.033 339999.423
1230000 350000 1230000.114 349999.501
1230000 360000 1230000.116 359999.464
1230000 370000 1230000.114 369999.541
1230000 380000 1230000.157 379999.631
1230000 390000 1230000.137 389999.772
1230000 400000 1230000.175 399999.870
1230000 410000 1230000.191 409999.926
1230000 420000 1230000.177 420000.015
1230000 430000 1230000.215 430000.199
1230000 440000 1230000.250 440000.281
1230000 450000 1230000.277 450000.286
1230000 460000 1230000.267 460000.292
1230000 470000 1230000.201 470000.310
1230000 480000 1230000.220 480000.428
1230000 490000 1230000.174 490000.517
1230000 500000 1230000.144 500000.697
1230000 510000 1230000.071 510000.768
1230000 520000 1229999.994 520000.798
1230000 530000 1229999.881 530000.814
1230000 540000 1229999.735 540000.791
1230000 550000 1229999.555 550000.807
1230000 560000 1229999.384 560000.805
1230000 570000 1229999.281 570000.769
1230000 580000 1229999.201 580000.806
1230000 590000 1229999.154 590000.847
1240000 150000 1239999.548 149999.100
1240000 160000 1239999.518 159999.146
1240000 170000 1239999.473 169999.167
1240000 180000 1239999.431 179999.156
1240000 190000 1239999.442 189999.135
1240000 200000 1239999.488 199999.159
1240000 210000 1239999.567 209999.150
1240000 220000 1239999.616 219999.136
1240000 230000 1239999.634 229999.176
1240000 240000 1239999.633 239999.162
1240000 250000 1239999.620 249999.113
1240000 260000 1239999.633 259999.162
1240000 270000 1239999.653 269999.158
1240000 280000 1239999.696 279999.164
1240000 290000 1239999.795 289999.118
1240000 300000 1239999.887 299999.124
1240000 310000 1239999.944 309999.196
1240000 320000 1239999.957 319999.264
1240000 330000 1240000.000 329999.324
1240000 340000 1240000.103 339999.440
1240000 350000 1240000.206 349999.540
1240000 360000 1240000.213 359999.448
1240000 370000 1240000.213 369999.515
1240000 380000 1240000.213 379999.634
1240000 390000 1240000.280 389999.713
1240000 400000 1240000.288 399999.820
1240000 410000 1240000.269 409999.944
1240000 420000 1240000.229 419999.988
1240000 430000 1240000.262 430000.146
1240000 440000 1240000.296 440000.283
1240000 450000 1240000.312 450000.309
1240000 460000 1240000.332 460000.341
1240000 470000 1240000.263 470000.346
1240000 480000 1240000.297 480000.433
1240000 490000 1240000.287 490000.525
1240000 500000 1240000.238 500000.697
1240000 510000 1240000.146 510000.819
1240000 520000 1240000.048 520000.797
1240000 530000 1239999.873 530000.806
1240000 540000 1239999.732 540000.821
1240000 550000 1239999.571 550000.845
1240000 560000 1239999.469 560000.876
1240000 570000 1239999.350 570000.891
1240000 580000 1239999.253 580000.962
1240000 590000 1239999.186 590000.937
1250000 150000 1249999.563 149999.057
1250000 160000 1249999.531 159999.093
1250000 170000 1249999.491 169999.107
1250000 180000 1249999.457 179999.099
1250000 190000 1249999.456 189999.095
1250000 200000 1249999.528 199999.123
1250000 210000 1249999.557 209999.127
1250000 220000 1249999.627 219999.117
1250000 230000 1249999.629 229999.175
1250000 240000 1249999.643 239999.160
1250000 250000 1249999.643 249999.106
1250000 260000 1249999.668 259999.097
1250000 270000 1249999.711 269999.161
1250000 280000 1249999.692 279999.220
1250000 290000 1249999.793 289999.162
1250000 300000 1249999.891 299999.085
1250000 310000 1249999.946 309999.170
1250000 320000 1249999.977 319999.254
1250000 330000 1250000.027 329999.328
1250000 340000 1250000.130 339999.425
1250000 350000 1250000.227 349999.471
1250000 360000 1250000.289 359999.465
1250000 370000 1250000.312 369999.531
1250000 380000 1250000.276 379999.639
1250000 390000 1250000.299 389999.686
1250000 400000 1250000.307 399999.732
1250000 410000 1250000.298 409999.839
1250000 420000 1250000.273 419999.962
1250000 430000 1250000.338 430000.164
1250000 440000 1250000.359 440000.259
1250000 450000 1250000.295 450000.311
1250000 460000 1250000.262 460000.428
1250000 470000 1250000.307 470000.377
1250000 480000 1250000.431 480000.423
1250000 490000 1250000.385 490000.460
1250000 500000 1250000.265 500000.589
1250000 510000 1250000.143 510000.824
1250000 520000 1250000.046 520000.828
1250000 530000 1249999.896 530000.788
1250000 540000 1249999.768 540000.840
1250000 550000 1249999.632 550000.900
1250000 560000 1249999.531 560000.947
1250000 570000 1249999.427 570001.013
1250000 580000 1249999.328 580001.152
1250000 590000 1249999.218 590001.016
1260000 150000 1259999.587 149999.022
1260000 160000 1259999.553 159999.049
1260000 170000 1259999.517 169999.058
1260000 180000 1259999.485 179999.054
1260000 190000 1259999.475 189999.049
1260000 200000 1259999.507 199999.050
1260000 210000 1259999.527 209999.068
1260000 220000 1259999.593 219999.091
1260000 230000 1259999.613 229999.143
1260000 240000 1259999.662 239999.118
1260000 250000 1259999.697 249999.074
1260000 260000 1259999.751 259999.078
1260000 270000 1259999.780 269999.156
1260000 280000 1259999.756 279999.208
1260000 290000 1259999.815 289999.181
1260000 300000 1259999.925 299999.101
1260000 310000 1259999.991 309999.141
1260000 320000 1260000.009 319999.187
1260000 330000 1260000.055 329999.293
1260000 340000 1260000.143 339999.353
1260000 350000 1260000.253 349999.464
1260000 360000 1260000.332 359999.543
1260000 370000 1260000.423 369999.588
1260000 380000 1260000.398 379999.654
1260000 390000 1260000.399 389999.703
1260000 400000 1260000.410 399999.675
1260000 410000 1260000.393 409999.766
1260000 420000 1260000.337 419999.956
1260000 430000 1260000.315 430000.169
1260000 440000 1260000.253 440000.267
1260000 450000 1260000.234 450000.274
1260000 460000 1260000.203 460000.415
1260000 470000 1260000.260 470000.420
1260000 480000 1260000.356 480000.437
1260000 490000 1260000.409 490000.509
1260000 500000 1260000.312 500000.573
1260000 510000 1260000.174 510000.792
1260000 520000 1260000.068 520000.845
1260000 530000 1259999.969 530000.801
1260000 540000 1259999.861 540000.859
1260000 550000 1259999.726 550000.990
1260000 560000 1259999.598 560001.041
1260000 570000 1259999.517 570001.160
1260000 580000 1259999.386 580001.291
1260000 590000 1259999.301 590001.250
1270000 150000 1270000.178 149998.545
1270000 160000 1269999.608 159999.006
1270000 170000 1269999.551 169998.985
1270000 180000 1269999.527 179999.010
1270000 190000 1269999.494 189999.000
1270000 200000 1269999.462 199998.965
1270000 210000 1269999.520 209999.018
1270000 220000 1269999.565 219999.033
1270000 230000 1269999.602 229999.070
1270000 240000 1269999.669 239999.074
1270000 250000 1269999.733 249999.063
1270000 260000 1269999.796 259999.082
1270000 270000 1269999.832 269999.144
1270000 280000 1269999.842 279999.182
1270000 290000 1269999.897 289999.173
1270000 300000 1269999.992 299999.133
1270000 310000 1270000.075 309999.137
1270000 320000 1270000.145 319999.157
1270000 330000 1270000.234 329999.232
1270000 340000 1270000.288 339999.315
1270000 350000 1270000.351 349999.469
1270000 360000 1270000.356 359999.572
1270000 370000 1270000.455 369999.574
1270000 380000 1270000.472 379999.661
1270000 390000 1270000.448 389999.712
1270000 400000 1270000.460 399999.697
1270000 410000 1270000.466 409999.757
1270000 420000 1270000.399 419999.910
1270000 430000 1270000.309 430000.139
1270000 440000 1270000.248 440000.241
1270000 450000 1270000.260 450000.255
1270000 460000 1270000.297 460000.371
1270000 470000 1270000.319 470000.452
1270000 480000 1270000.389 480000.475
1270000 490000 1270000.423 490000.558
1270000 500000 1270000.351 500000.635
1270000 510000 1270000.278 510000.719
1270000 520000 1270000.154 520000.787
1270000 530000 1270000.042 530000.845
1270000 540000 1269999.966 540000.929
1270000 550000 1269999.849 550001.043
1270000 560000 1269999.724 560001.188
1270000 570000 1269999.619 570001.295
1270000 580000 1269999.507 580001.395
1270000 590000 1269999.431 590001.390
1280000 150000 1280000.237 149998.545
1280000 160000 1279999.596 159998.945
1280000 170000 1279999.579 169998.924
1280000 180000 1279999.578 179998.969
1280000 190000 1279999.527 189998.949
1280000 200000 1279999.502 199998.899
1280000 210000 1279999.545 209998.973
1280000 220000 1279999.581 219998.996
1280000 230000 1279999.617 229999.016
1280000 240000 1279999.691 239999.045
1280000 250000 1279999.771 249999.058
1280000 260000 1279999.838 259999.086
1280000 270000 1279999.904 269999.145
1280000 280000 1279999.935 279999.159
1280000 290000 1279999.987 289999.166
1280000 300000 1280000.087 299999.152
1280000 310000 1280000.185 309999.158
1280000 320000 1280000.325 319999.182
1280000 330000 1280000.585 329999.222
1280000 340000 1280000.416 339999.366
1280000 350000 1280000.485 349999.519
1280000 360000 1280000.457 359999.598
1280000 370000 1280000.500 369999.630
1280000 380000 1280000.491 379999.653
1280000 390000 1280000.469 389999.699
1280000 400000 1280000.473 399999.716
1280000 410000 1280000.475 409999.741
1280000 420000 1280000.431 419999.849
1280000 430000 1280000.400 430000.072
1280000 440000 1280000.396 440000.214
1280000 450000 1280000.423 450000.255
1280000 460000 1280000.439 460000.347
1280000 470000 1280000.403 470000.408
1280000 480000 1280000.499 480000.510
1280000 490000 1280000.450 490000.581
1280000 500000 1280000.406 500000.717
1280000 510000 1280000.352 510000.754
1280000 520000 1280000.256 520000.815
1280000 530000 1280000.161 530000.935
1280000 540000 1280000.070 540001.019
1280000 550000 1279999.956 550001.112
1280000 560000 1279999.820 560001.280
1280000 570000 1279999.619 570001.409
1280000 580000 1279999.614 580001.482
1280000 590000 1279999.564 590001.483
1290000 150000 1290000.295 149998.545
1290000 160000 1289999.594 159998.847
1290000 170000 1289999.619 169998.879
1290000 180000 1289999.635 179998.931
1290000 190000 1289999.588 189998.914
1290000 200000 1289999.568 199998.896
1290000 210000 1289999.594 209998.926
1290000 220000 1289999.625 219998.962
1290000 230000 1289999.664 229998.986
1290000 240000 1289999.730 239999.019
1290000 250000 1289999.807 249999.048
1290000 260000 1289999.865 259999.081
1290000 270000 1289999.914 269999.132
1290000 280000 1289999.971 279999.149
1290000 290000 1290000.080 289999.144
1290000 300000 1290000.191 299999.158
1290000 310000 1290000.289 309999.183
1290000 320000 1290000.424 319999.221
1290000 330000 1290000.553 329999.300
1290000 340000 1290000.509 339999.467
1290000 350000 1290000.485 349999.577
1290000 360000 1290000.486 359999.652
1290000 370000 1290000.519 369999.676
1290000 380000 1290000.496 379999.637
1290000 390000 1290000.490 389999.677
1290000 400000 1290000.461 399999.717
1290000 410000 1290000.513 409999.709
1290000 420000 1290000.503 419999.820
1290000 430000 1290000.515 429999.961
1290000 440000 1290000.521 440000.171
1290000 450000 1290000.545 450000.254
1290000 460000 1290000.524 460000.364
1290000 470000 1290000.519 470000.441
1290000 480000 1290000.546 480000.512
1290000 490000 1290000.513 490000.615
1290000 500000 1290000.505 500000.758
1290000 510000 1290000.428 510000.830
1290000 520000 1290000.321 520000.871
1290000 530000 1290000.245 530001.024
1290000 540000 1290000.155 540001.092
1290000 550000 1290000.077 550001.200
1290000 560000 1289999.955 560001.347
1290000 570000 1289999.743 570001.529
1290000 580000 1289999.740 580001.617
1290000 590000 1289999.692 590001.587
1300000 150000 1300000.354 149998.545
1300000 160000 1299999.666 159998.819
1300000 170000 1299999.671 169998.840
1300000 180000 1299999.698 179998.907
1300000 190000 1299999.644 189998.891
1300000 200000 1299999.631 199998.896
1300000 210000 1299999.651 209998.909
1300000 220000 1299999.683 219998.944
1300000 230000 1299999.720 229998.970
1300000 240000 1299999.786 239999.011
1300000 250000 1299999.855 249999.052
1300000 260000 1299999.919 259999.086
1300000 270000 1299999.971 269999.132
1300000 280000 1300000.059 279999.140
1300000 290000 1300000.198 289999.158
1300000 300000 1300000.308 299999.179
1300000 310000 1300000.390 309999.212
1300000 320000 1300000.496 319999.257
1300000 330000 1300000.574 329999.348
1300000 340000 1300000.583 339999.477
1300000 350000 1300000.550 349999.588
1300000 360000 1300000.531 359999.665
1300000 370000 1300000.529 369999.662
1300000 380000 1300000.532 379999.659
1300000 390000 1300000.521 389999.671
1300000 400000 1300000.498 399999.680
1300000 410000 1300000.509 409999.693
1300000 420000 1300000.543 419999.801
1300000 430000 1300000.621 429999.906
1300000 440000 1300000.664 440000.101
1300000 450000 1300000.655 450000.254
1300000 460000 1300000.619 460000.381
1300000 470000 1300000.620 470000.473
1300000 480000 1300000.640 480000.557
1300000 490000 1300000.612 490000.677
1300000 500000 1300000.601 500000.794
1300000 510000 1300000.521 510000.906
1300000 520000 1300000.425 520000.966
1300000 530000 1300000.330 530001.070
1300000 540000 1300000.247 540001.164
1300000 550000 1300000.179 550001.281
1300000 560000 1300000.072 560001.427
1300000 570000 1299999.919 570001.587
1300000 580000 1299999.865 580001.667
1300000 590000 1299999.815 590001.647
1310000 150000 1310000.412 149998.545
1310000 160000 1309999.710 159998.803
1310000 170000 1309999.704 169998.824
1310000 180000 1309999.733 179998.880
1310000 190000 1309999.713 189998.875
1310000 200000 1309999.691 199998.888
1310000 210000 1309999.707 209998.892
1310000 220000 1309999.736 219998.927
1310000 230000 1309999.779 229998.957
1310000 240000 1309999.843 239999.000
1310000 250000 1309999.905 249999.042
1310000 260000 1309999.969 259999.084
1310000 270000 1310000.024 269999.120
1310000 280000 1310000.184 279999.135
1310000 290000 1310000.294 289999.164
1310000 300000 1310000.401 299999.210
1310000 310000 1310000.478 309999.248
1310000 320000 1310000.565 319999.301
1310000 330000 1310000.616 329999.402
1310000 340000 1310000.662 339999.486
1310000 350000 1310000.639 349999.586
1310000 360000 1310000.608 359999.659
1310000 370000 1310000.591 369999.673
1310000 380000 1310000.585 379999.670
1310000 390000 1310000.578 389999.681
1310000 400000 1310000.568 399999.689
1310000 410000 1310000.579 409999.715
1310000 420000 1310000.621 419999.810
1310000 430000 1310000.708 429999.941
1310000 440000 1310000.770 440000.121
1310000 450000 1310000.776 450000.278
1310000 460000 1310000.765 460000.428
1310000 470000 1310000.739 470000.573
1310000 480000 1310000.677 480000.705
1310000 490000 1310000.667 490000.778
1310000 500000 1310000.653 500000.836
1310000 510000 1310000.621 510000.952
1310000 520000 1310000.525 520001.025
1310000 530000 1310000.440 530001.122
1310000 540000 1310000.367 540001.238
1310000 550000 1310000.284 550001.356
1310000 560000 1310000.180 560001.483
1310000 570000 1310000.063 570001.605
1310000 580000 1309999.987 580001.674
1310000 590000 1309999.930 590001.662
1320000 150000 1320000.470 149998.545
1320000 160000 1319999.766 159998.778
1320000 170000 1319999.752 169998.788
1320000 180000 1319999.789 179998.867
1320000 190000 1319999.761 189998.878
1320000 200000 1319999.732 199998.895
1320000 210000 1319999.744 209998.899
1320000 220000 1319999.768 219998.930
1320000 230000 1319999.849 229998.958
1320000 240000 1319999.911 239999.002
1320000 250000 1319999.973 249999.050
1320000 260000 1320000.040 259999.099
1320000 270000 1320000.099 269999.122
1320000 280000 1320000.279 279999.140
1320000 290000 1320000.419 289999.184
1320000 300000 1320000.497 299999.224
1320000 310000 1320000.569 309999.269
1320000 320000 1320000.616 319999.329
1320000 330000 1320000.657 329999.426
1320000 340000 1320000.720 339999.484
1320000 350000 1320000.720 349999.577
1320000 360000 1320000.671 359999.634
1320000 370000 1320000.661 369999.673
1320000 380000 1320000.646 379999.681
1320000 390000 1320000.645 389999.696
1320000 400000 1320000.649 399999.717
1320000 410000 1320000.675 409999.764
1320000 420000 1320000.732 419999.844
1320000 430000 1320000.815 429999.981
1320000 440000 1320000.901 440000.151
1320000 450000 1320000.921 450000.326
1320000 460000 1320000.944 460000.460
1320000 470000 1320000.883 470000.674
1320000 480000 1320000.804 480000.755
1320000 490000 1320000.765 490000.808
1320000 500000 1320000.724 500000.875
1320000 510000 1320000.714 510000.992
1320000 520000 1320000.637 520001.132
1320000 530000 1320000.560 530001.206
1320000 540000 1320000.489 540001.310
1320000 550000 1320000.392 550001.418
1320000 560000 1320000.289 560001.524
1320000 570000 1320000.188 570001.619
1320000 580000 1320000.088 580001.680
1320000 590000 1320000.022 590001.670
1330000 150000 1330000.529 149998.545
1330000 160000 1329999.820 159998.766
1330000 170000 1329999.803 169998.764
1330000 180000 1329999.847 179998.857
1330000 190000 1329999.824 189998.877
1330000 200000 1329999.790 199998.899
1330000 210000 1329999.801 209998.896
1330000 220000 1329999.817 219998.913
1330000 230000 1329999.938 229998.957
1330000 240000 1329999.975 239999.006
1330000 250000 1330000.035 249999.044
1330000 260000 1330000.088 259999.097
1330000 270000 1330000.159 269999.120
1330000 280000 1330000.329 279999.154
1330000 290000 1330000.497 289999.196
1330000 300000 1330000.551 299999.250
1330000 310000 1330000.639 309999.290
1330000 320000 1330000.645 319999.362
1330000 330000 1330000.700 329999.447
1330000 340000 1330000.776 339999.477
1330000 350000 1330000.791 349999.572
1330000 360000 1330000.741 359999.629
1330000 370000 1330000.716 369999.666
1330000 380000 1330000.705 379999.696
1330000 390000 1330000.712 389999.725
1330000 400000 1330000.727 399999.757
1330000 410000 1330000.758 409999.806
1330000 420000 1330000.838 419999.889
1330000 430000 1330000.919 430000.017
1330000 440000 1330001.023 440000.177
1330000 450000 1330001.092 450000.348
1330000 460000 1330001.106 460000.477
1330000 470000 1330001.006 470000.644
1330000 480000 1330000.959 480000.741
1330000 490000 1330000.918 490000.813
1330000 500000 1330000.840 500000.914
1330000 510000 1330000.761 510001.026
1330000 520000 1330000.699 520001.197
1330000 530000 1330000.656 530001.277
1330000 540000 1330000.583 540001.375
1330000 550000 1330000.486 550001.463
1330000 560000 1330000.387 560001.551
1330000 570000 1330000.299 570001.630
1330000 580000 1330000.113 580001.655
1330000 590000 1330000.074 590001.673
1340000 150000 1340000.587 149998.545
1340000 160000 1339999.877 159998.732
1340000 170000 1339999.859 169998.755
1340000 180000 1339999.904 179998.849
1340000 190000 1339999.887 189998.873
1340000 200000 1339999.847 199998.899
1340000 210000 1339999.858 209998.895
1340000 220000 1339999.873 219998.908
1340000 230000 1339999.988 229998.955
1340000 240000 1340000.001 239999.008
1340000 250000 1340000.091 249999.048
1340000 260000 1340000.137 259999.104
1340000 270000 1340000.207 269999.135
1340000 280000 1340000.365 279999.160
1340000 290000 1340000.511 289999.224
1340000 300000 1340000.615 299999.266
1340000 310000 1340000.686 309999.313
1340000 320000 1340000.676 319999.401
1340000 330000 1340000.717 329999.471
1340000 340000 1340000.795 339999.485
1340000 350000 1340000.826 349999.580
1340000 360000 1340000.784 359999.623
1340000 370000 1340000.744 369999.656
1340000 380000 1340000.726 379999.702
1340000 390000 1340000.725 389999.727
1340000 400000 1340000.733 399999.762
1340000 410000 1340000.843 409999.847
1340000 420000 1340000.931 419999.927
1340000 430000 1340001.009 430000.048
1340000 440000 1340001.104 440000.190
1340000 450000 1340001.168 450000.344
1340000 460000 1340001.176 460000.487
1340000 470000 1340001.120 470000.629
1340000 480000 1340001.065 480000.736
1340000 490000 1340001.017 490000.827
1340000 500000 1340000.936 500000.935
1340000 510000 1340000.853 510001.056
1340000 520000 1340000.786 520001.201
1340000 530000 1340000.725 530001.304
1340000 540000 1340000.653 540001.400
1340000 550000 1340000.568 550001.493
1340000 560000 1340000.479 560001.575
1340000 570000 1340000.397 570001.635
1340000 580000 1340000.293 580001.674
1340000 590000 1340000.587 590001.117
1350000 150000 1350000.646 149998.545
1350000 160000 1349999.925 159998.710
1350000 170000 1349999.918 169998.748
1350000 180000 1349999.963 179998.842
1350000 190000 1349999.943 189998.867
1350000 200000 1349999.904 199998.899
1350000 210000 1349999.913 209998.895
1350000 220000 1349999.928 219998.905
1350000 230000 1349999.998 229998.944
1350000 240000 1350000.010 239998.992
1350000 250000 1350000.057 249999.028
1350000 260000 1350000.094 259999.069
1350000 270000 1350000.263 269999.084
1350000 280000 1350000.429 279999.148
1350000 290000 1350000.514 289999.222
1350000 300000 1350000.637 299999.262
1350000 310000 1350000.700 309999.316
1350000 320000 1350000.705 319999.397
1350000 330000 1350000.743 329999.452
1350000 340000 1350000.832 339999.450
1350000 350000 1350000.872 349999.533
1350000 360000 1350000.831 359999.584
1350000 370000 1350000.780 369999.611
1350000 380000 1350000.761 379999.666
1350000 390000 1350000.767 389999.687
1350000 400000 1350000.888 399999.816
1350000 410000 1350000.925 409999.882
1350000 420000 1350001.014 419999.956
1350000 430000 1350001.087 430000.074
1350000 440000 1350001.166 440000.202
1350000 450000 1350001.221 450000.341
1350000 460000 1350001.234 460000.486
1350000 470000 1350001.203 470000.621
1350000 480000 1350001.153 480000.732
1350000 490000 1350000.646 490000.532
1350000 500000 1350000.646 500000.591
1350000 510000 1350000.646 510000.649
1350000 520000 1350000.646 520000.708
1350000 530000 1350000.646 530000.766
1350000 540000 1350000.646 540000.825
1350000 550000 1350000.646 550000.883
1350000 560000 1350000.646 560000.942
1350000 570000 1350000.646 570001.000
1350000 580000 1350000.646 580001.059
1350000 590000 1350000.646 590001.117
